500
821
409
228
193
985
684
816
63
912
45
27
669
424
550
464
547
786
320
589
748
387
791
771
778
21
714
123
883
447
345
123
805
347
746
650
638
103
4
808
359
526
925
865
497
23
378
155
225
806
710
14
168
930
13
692
158
463
728
321
584
572
931
621
55
440
541
447
396
569
25
628
689
853
987
881
401
964
780
485
138
518
666
354
994
105
562
118
952
413
479
892
253
388
599
97
234
940
4
956
115
255
856
133
837
269
757
146
124
904
516
829
960
24
765
74
489
8
110
296
912
665
247
653
168
621
285
863
973
983
77
769
212
481
196
122
363
214
37
756
874
177
770
132
443
566
318
661
149
951
915
810
175
842
48
212
931
217
349
568
377
73
441
37
726
784
396
804
140
264
825
65
788
105
774
49
881
142
143
396
327
695
887
421
116
703
401
664
445
103
735
572
397
82
48
633
857
914
159
491
887
59
162
679
393
687
184
341
652
426
22
47
606
214
524
297
727
770
867
434
935
886
506
338
65
643
50
756
806
304
542
902
797
72
55
998
449
138
7
943
371
849
12
941
498
702
208
13
241
698
902
129
624
160
615
507
421
522
871
95
628
675
721
701
444
373
18
215
877
428
372
432
39
979
137
430
908
29
444
482
737
207
538
990
128
964
598
822
586
320
902
129
379
354
528
657
414
331
529
778
756
204
991
24
895
448
693
588
971
589
551
96
839
385
7
440
528
554
647
740
991
470
40
595
972
188
611
946
603
451
341
622
630
562
232
342
27
488
408
812
215
685
811
350
483
848
45
464
295
402
538
52
76
234
685
21
550
243
505
151
217
299
174
547
435
582
815
419
299
395
585
529
865
604
782
380
918
116
891
837
365
428
935
495
666
478
973
190
185
30
867
729
778
277
20
771
804
792
347
158
656
65
961
881
72
84
449
499
399
5
986
824
834
768
85
445
56
360
8
678
110
276
241
80
582
616
71
603
64
936
253
640
817
994
776
108
148
76
612
659
31
163
578
481
727
774
661
149
390
410
165
319
484
391
219
707
539
915
558
614
472
206
149
816
583
742
6
403
102
748
263
683
460
838
579
887
763
14
919
31
125
523
325
734
163
534
353
290
35
72
914
394
674
546
931
815
296
701
667
285
636
